,educ_promotion,educ_master,educ_bachelor,educ_ausbildung,leadership_skills,soft_skills_communication_team,soft_skills_resilience,soft_skills_innovation_digital,travel,denkweis_analytisch,denkweis_kreativ,pc_basic,pc_specialized,programming_languages,artificial_inelligence,foreign_languages,local_language,project_management,experience
finance,0.01,0.03,0.02,0.61,0.16,0.53,0.31,0.05,0.09,0.39,0.03,0.4,0.17,0.06,0.01,0.3,0.31,0.06,0.32
mkt,0.0,0.02,0.04,0.41,0.18,0.55,0.34,0.14,0.05,0.4,0.29,0.29,0.32,0.1,0.01,0.42,0.45,0.06,0.39
accounting,0.01,0.02,0.02,0.63,0.14,0.52,0.38,0.05,0.05,0.51,0.02,0.62,0.32,0.03,0.0,0.31,0.27,0.03,0.35
ds,0.0,0.06,0.05,0.28,0.11,0.51,0.31,0.13,0.13,0.58,0.08,0.35,0.49,0.41,0.18,0.55,0.53,0.2,0.33
consult,0.03,0.06,0.03,0.43,0.16,0.58,0.26,0.08,0.14,0.3,0.06,0.22,0.15,0.1,0.03,0.34,0.38,0.1,0.27
sales,0.0,0.01,0.01,0.63,0.19,0.62,0.3,0.06,0.15,0.23,0.05,0.35,0.11,0.02,0.0,0.32,0.33,0.03,0.27
supply,0.01,0.06,0.03,0.37,0.2,0.64,0.33,0.12,0.12,0.43,0.03,0.46,0.23,0.09,0.02,0.69,0.63,0.19,0.38
pr,0.0,0.05,0.07,0.41,0.2,0.61,0.32,0.1,0.05,0.31,0.29,0.26,0.17,0.04,0.01,0.49,0.48,0.1,0.33
hr,0.0,0.02,0.02,0.54,0.24,0.6,0.32,0.06,0.12,0.26,0.08,0.3,0.07,0.02,0.0,0.37,0.36,0.03,0.36
projmag,0.01,0.06,0.02,0.37,0.22,0.59,0.31,0.08,0.14,0.41,0.1,0.34,0.14,0.07,0.0,0.53,0.44,0.21,0.37
